100000;0.0131
100000;0.0127
100000;0.01268
100000;0.00412
100000;0.00409
100000;0.00368
100000;0.00355
100000;0.00276
100000;0.00274
100000;0.00272
100000;0.00259
100000;0.00251
100000;0.00249
100000;0.00226
100000;0.00225
100000;0.00223
100000;0.00221
100000;0.00217
100000;0.00196
100000;0.00192
100000;0.00187
100000;0.00179
100000;0.00177
100000;0.00173
100000;0.00172
100000;0.00171
100000;0.00169
100000;0.00168
100000;0.00155
100000;0.00152
2.681422E-4
2.681422E-4
2.681422E-4
2.681422E-4
2.681422E-4
2.681422E-4
2.681422E-4
2.681422E-4
2.681422E-4
2.681422E-4
