100;0.004332600120510242
200;0.0012493664278449045
300;5.057036116217094E-4
400;3.252383855108009E-4
500;2.3131095811258393E-4
600;4.0417666900597373E-4
700;1.9869704027312258E-4
800;3.392828283669055E-4
900;2.919658930901984E-4
1000;1.5166166120671114E-4
1100;1.9038620311604936E-4
1200;1.9190695592510395E-4
1300;1.1623561527590938E-4
1400;3.1245066455554664E-4
1500;1.1855862725637492E-4
1600;8.277956914851211E-5
1700;2.462556418468582E-4
1800;2.0133304224754793E-4
1900;1.4645030621259953E-4
2000;1.7172974389936972E-4
2100;1.1427597170493072E-4
2200;1.8851771826294247E-4
2300;1.5615162039122357E-4
2400;1.2214477536061328E-4
2500;9.54150908285517E-5
3000;1.8762807745821078E-4
3500;1.3588373254446687E-4
4000;8.570072670096482E-5
4500;1.1353314346794815E-4
5000;1.0460236668610239E-4
5500;1.5486317446265855E-4
6000;8.516849719863126E-5
6500;1.1584816439878103E-4
7000;1.2885039513178955E-4
7500;9.660752999271633E-5
8000;1.1779194320651564E-4
8500;1.270978881824474E-4
9000;1.1641812430872147E-4
10000;9.610136408450654E-5
11000;1.3394857084607036E-4
12000;1.04405410215345E-4
13000;1.0540032796754685E-4
14000;9.268838885232601E-5
15000;1.0937649042428037E-4
16000;1.4016151756995331E-4
17000;1.4993259440477461E-4
18000;9.08616586474571E-5
19000;1.0247710675615691E-4
20000;1.4639399336008408E-4
21000;1.285229901342212E-4
22000;1.2113686778027106E-4
23000;1.1962472838111091E-4
25000;1.0443765499337713E-4
30000;9.326156654073116E-5
35000;9.448559678472227E-5
40000;1.2225198244861734E-4
45000;1.2320072289156796E-4
50000;1.0998336461124793E-4
55000;1.2698964479267405E-4
60000;1.0574388321865095E-4
70000;1.1475548961168954E-4
80000;1.0001407253895043E-4
90000;1.1808538562271185E-4
100000;9.69895333740779E-5
