121105;0.013451137442715
121105;0.013442880145328434
121105;0.012303373105982411
121105;0.0040543330168036
121105;0.003922216258618554
121105;0.0038644151769125965
121105;0.0032286032781470623
121105;0.0029313405722307087
121105;0.0028983113826844473
121105;0.0027909665166590976
121105;0.002609305974154659
121105;0.002584534081994963
121105;0.002477189215969613
121105;0.002361587052557698
121105;0.0022872713760786097
121105;0.00219644110482639
121105;0.002188183807439825
121105;0.0020890962388010405
121105;0.002031295157095083
121105;0.0019156929936831675
121105;0.0018496346145906444
121105;0.0018413773172040791
121105;0.0017835762354981215
121105;0.0017175178564055983
121105;0.001659716774699641
121105;0.0015523719086742908
121105;0.001486313529581768
121105;0.001486313529581768
121105;0.0014532843400355065
121105;0.0014119978531026795
