100;2.608644722045643E-4
200;2.5950036788841615E-4
300;2.5297975135195783E-4
400;2.53309724870824E-4
500;2.4701526820592503E-4
600;2.483943283561742E-4
700;2.4378324141127342E-4
800;2.328741352088982E-4
900;2.3109808351057625E-4
1000;2.3325986913583823E-4
1500;2.193203051369081E-4
2000;2.0081667204000552E-4
2500;1.828093177107952E-4
3000;1.8351827853459082E-4
3500;1.6929847322911338E-4
4000;1.3942138338958544E-4
4500;1.209433136589386E-4
5000;1.1059416579889438E-4
5500;1.0083249961367123E-4
6000;8.857208551847456E-5
6500;8.541283804370858E-5
7000;6.856500559429065E-5
7500;6.528810164377791E-5
8000;6.250889542908943E-5
9000;3.932913288380122E-5
10000;2.7622165620404985E-5
11000;2.572804379694417E-5
12000;1.5371359741970837E-5
13000;1.2338482897565328E-5
14000;8.413962858748186E-6
15000;6.824747554013493E-6
20000;5.429963558551269E-5
24221;9.47408220624164E-5
48442;1.0460526199868221E-4
72663;1.0783048182503316E-4
96884;1.0316957283016549E-4
121105;1.0416053350484035E-4
121105;1.0416053350484035E-4
