121105;0.008402025481362005
121105;0.008351621082996658
121105;0.007766154609676093
121105;0.005691819753871445
121105;0.003214249711144025
121105;0.002671433113363369
121105;0.0022565661422024397
121105;0.002210039005249812
121105;0.0020704575943919293
121105;0.0019037353536450134
121105;0.0017447676357235358
121105;0.001709872283009065
121105;0.001705995021596346
121105;0.0016710996688818753
121105;0.001581922656389339
121105;0.0015276409966112736
121105;0.001453973029769613
121105;0.0014423412455314563
121105;0.0014152004156424234
121105;0.001333777925975325
121105;0.0013260234031498871
121105;0.0013221461417371682
121105;0.0012523554363082269
121105;0.001221337345006475
121105;0.0012135828221810372
121105;0.0011786874694665664
121105;0.0011127740254503438
121105;0.001097264979799468
121105;0.0010701241499104352
121105;0.0010080879673069318
