1;0.9843047726047525
50;0.0020572435302575656
100;0.0011468986244548035
200;3.642078851318282E-4
300;2.4367725350276295E-4
400;1.699880652885902E-4
500;1.1287317250322548E-4
600;1.0967825301666494E-4
700;6.163925199263037E-5
800;7.036185392013237E-5
900;4.685790171318838E-5
1000;5.3480983542995335E-5
1500;2.2218735723728617E-5
2000;2.49940711276323E-5
2500;1.4444997702548922E-5
3000;2.289381138227365E-5
4000;2.6461499665297317E-5
5000;1.1742098017532918E-4
6000;1.2381629789156377E-4
7000;8.655297123125069E-5
8000;7.902208082358722E-5
9000;5.367580326542288E-5
10000;3.898649510560077E-5
12000;2.4615724997830265E-5
14000;2.1708192766250935E-5
16000;1.869107685979051E-5
18000;7.854508310991212E-6
20000;6.36918775814789E-6
24221;3.846402973017829E-6
48442;2.6266611357871332E-6
72663;1.8821458811502722E-6
96884;2.468135194011224E-6
121105;1.5221044602380862E-6
