1;0.9843047726047525
50;0.002106112419987841
100;9.03395153119862E-4
200;3.1981888952631527E-4
300;1.3149892849876306E-4
400;5.908365500272425E-5
500;8.110527793464469E-5
600;3.7299575025420315E-5
700;4.32339741467818E-5
800;2.923632190208854E-5
900;1.248514026785309E-5
1000;1.845651255585169E-5
1100;2.281878314018394E-5
1200;2.3624336494181006E-5
1300;6.4304117044903435E-6
1400;1.2612993714314935E-5
1500;8.890569788634745E-6
2000;1.0895710237137528E-5
2500;1.0080448390422343E-5
3000;6.362511039901147E-6
3500;4.627263272475904E-6
4000;1.4377313846341342E-5
4500;1.9082387694724383E-6
5000;8.658317998825906E-6
5500;2.3868824067675134E-6
6000;7.289637551863308E-6
6500;6.963985014645142E-6
7000;2.400756017585355E-6
7500;4.250124733796794E-6
8000;2.2281997832007623E-6
8500;8.893721144709763E-6
9000;2.411559179487425E-6
9500;4.705184572451289E-6
11000;4.718695213371257E-6
12000;1.5989350205530547E-6
13000;1.9032641337151047E-6
14000;4.3020935987766374E-6
15000;2.6248785083770504E-6
16000;3.721513362010353E-6
17000;1.4509976682625262E-6
18000;1.5889533960500458E-6
19000;2.011851398991263E-6
20000;4.218898558248533E-6
21000;3.6755378653681834E-6
22000;3.82632566330657E-6
23000;2.2959799730530927E-6
30000;2.4733653970455713E-6
40000;1.463465729451393E-6
50000;2.343669791251102E-6
60000;2.2922668572404362E-6
70000;3.4078487032962633E-6
80000;2.1576904370802484E-6
90000;2.9305744272527013E-6
100000;2.498941894595648E-6
